Direction Cosines:
l = 0.857143
m = 0.285714
n = 0.428571
